- strategy.optPutToSellDelta=-0.17500000000000002
- strategy.optPutToBuyDelta=-0.06999999999999999
- strategy.optimalDTE=27
