- strategy.optPutToSellDelta=-0.17500000000000002
- strategy.optPutToBuyDelta=-0.029999999999999995
- strategy.optimalDTE=48
