- strategy.optPutToSellDelta=-0.15000000000000002
- strategy.optPutToBuyDelta=-0.06999999999999999
- strategy.optimalDTE=48
