- strategy.optPutToSellDelta=-0.17500000000000002
- strategy.optPutToBuyDelta=-0.049999999999999996
- strategy.optimalDTE=48
